[gd_scene load_steps=8 format=2]

[ext_resource path="res://icon.png" type="Texture" id=1]
[ext_resource path="res://Main.gd" type="Script" id=2]
[ext_resource path="res://rotate.gd" type="Script" id=3]

[sub_resource type="PanoramaSky" id=1]
radiance_size = 5
panorama = ExtResource( 1 )

[sub_resource type="Environment" id=2]
background_mode = 2
background_sky = SubResource( 1 )

[sub_resource type="CubeMesh" id=3]

[sub_resource type="SpatialMaterial" id=4]
metallic = 1.0
roughness = 0.0

[node name="Main" type="Spatial"]
script = ExtResource( 2 )

[node name="ARVROrigin" type="ARVROrigin" parent="."]

[node name="ARVRCamera" type="ARVRCamera" parent="ARVROrigin"]

[node name="WorldEnvironment" type="WorldEnvironment" parent="."]
environment = SubResource( 2 )

[node name="MeshInstance" type="MeshInstance" parent="."]
transform = Transform( 0.853553, -0.146447, 0.5, 0.5, 0.5, -0.707107, -0.146447, 0.853553, 0.5, -0.00739717, 0.0282438, -3.98566 )
mesh = SubResource( 3 )
material/0 = SubResource( 4 )
script = ExtResource( 3 )

[node name="MeshInstance2" type="MeshInstance" parent="."]
transform = Transform( 0.853553, -0.146447, 0.5, 0.5, 0.5, -0.707107, -0.146447, 0.853553, 0.5, -0.00739717, 0.0282438, -0.752304 )
mesh = SubResource( 3 )
material/0 = SubResource( 4 )
script = ExtResource( 3 )

[node name="MeshInstance3" type="MeshInstance" parent="."]
transform = Transform( 0.853553, -0.146447, 0.5, 0.5, 0.5, -0.707107, -0.146447, 0.853553, 0.5, -0.00739717, 0.0282438, 2.00248 )
mesh = SubResource( 3 )
material/0 = SubResource( 4 )
script = ExtResource( 3 )

[node name="MeshInstance4" type="MeshInstance" parent="."]
transform = Transform( 0.853553, -0.146447, 0.5, 0.5, 0.5, -0.707107, -0.146447, 0.853553, 0.5, -0.00739717, 0.0282438, 3.76947 )
mesh = SubResource( 3 )
material/0 = SubResource( 4 )
script = ExtResource( 3 )

[node name="MeshInstance5" type="MeshInstance" parent="."]
transform = Transform( 0.853553, -0.146447, 0.5, 0.5, 0.5, -0.707107, -0.146447, 0.853553, 0.5, 2.2897, 0.0282438, -3.98566 )
mesh = SubResource( 3 )
material/0 = SubResource( 4 )
script = ExtResource( 3 )

[node name="MeshInstance6" type="MeshInstance" parent="."]
transform = Transform( 0.853553, -0.146447, 0.5, 0.5, 0.5, -0.707107, -0.146447, 0.853553, 0.5, 4.1162, 0.0282438, -3.98566 )
mesh = SubResource( 3 )
material/0 = SubResource( 4 )
script = ExtResource( 3 )

[node name="MeshInstance7" type="MeshInstance" parent="."]
transform = Transform( 0.853553, -0.146447, 0.5, 0.5, 0.5, -0.707107, -0.146447, 0.853553, 0.5, 2.86729, 0.0282438, -1.9383 )
mesh = SubResource( 3 )
material/0 = SubResource( 4 )
script = ExtResource( 3 )

[node name="MeshInstance8" type="MeshInstance" parent="."]
transform = Transform( 0.853553, -0.146447, 0.5, 0.5, 0.5, -0.707107, -0.146447, 0.853553, 0.5, 2.86853, 0.0282438, 0.248571 )
mesh = SubResource( 3 )
material/0 = SubResource( 4 )
script = ExtResource( 3 )

[node name="MeshInstance9" type="MeshInstance" parent="."]
transform = Transform( 0.853553, -0.146447, 0.5, 0.5, 0.5, -0.707107, -0.146447, 0.853553, 0.5, 3.31757, 0.0282438, 2.54991 )
mesh = SubResource( 3 )
material/0 = SubResource( 4 )
script = ExtResource( 3 )

[node name="MeshInstance10" type="MeshInstance" parent="."]
transform = Transform( 0.853553, -0.146447, 0.5, 0.5, 0.5, -0.707107, -0.146447, 0.853553, 0.5, -1.11588, 0.0282438, -2.03578 )
mesh = SubResource( 3 )
material/0 = SubResource( 4 )
script = ExtResource( 3 )

[node name="MeshInstance11" type="MeshInstance" parent="."]
transform = Transform( 0.853553, -0.146447, 0.5, 0.5, 0.5, -0.707107, -0.146447, 0.853553, 0.5, -1.98205, 0.0282438, 0.0333996 )
mesh = SubResource( 3 )
material/0 = SubResource( 4 )
script = ExtResource( 3 )

[node name="MeshInstance12" type="MeshInstance" parent="."]
transform = Transform( 0.853553, -0.146447, 0.5, 0.5, 0.5, -0.707107, -0.146447, 0.853553, 0.5, -1.81554, 0.0282438, 2.06963 )
mesh = SubResource( 3 )
material/0 = SubResource( 4 )
script = ExtResource( 3 )

[node name="MeshInstance13" type="MeshInstance" parent="."]
transform = Transform( 0.853553, -0.146447, 0.5, 0.5, 0.5, -0.707107, -0.146447, 0.853553, 0.5, 1.67852, 0.0282438, 3.76762 )
mesh = SubResource( 3 )
material/0 = SubResource( 4 )
script = ExtResource( 3 )

[node name="MeshInstance14" type="MeshInstance" parent="."]
transform = Transform( 0.853553, -0.146447, 0.5, 0.5, 0.5, -0.707107, -0.146447, 0.853553, 0.5, 3.68693, 0.0282438, 3.33327 )
mesh = SubResource( 3 )
material/0 = SubResource( 4 )
script = ExtResource( 3 )
